GPA	TUCE	PSI	GRATE	GRA	Y
2.66	20	0	c	3	0
2.89	22	0	b	2	0
3.28	24	0	b	2	0
2.92	12	0	b	2	0
4	21	0	a	1	1
2.86	17	0	b	2	0
2.76	17	0	b	2	0
2.87	21	0	b	2	0
3.03	25	0	c	3	0
3.92	29	0	a	1	1
2.63	20	0	c	3	0
3.32	23	0	b	2	0
3.57	23	0	b	2	0
3.26	25	0	a	1	1
3.53	26	0	b	2	0
2.74	19	0	b	2	0
2.75	25	0	c	3	0
2.83	19	0	c	3	0
3.12	23	1	b	2	0
3.16	25	1	a	1	1
2.06	22	1	c	3	0
3.62	28	1	a	1	1
2.89	14	1	c	3	0
3.51	26	1	b	2	0
3.54	24	1	a	1	1
2.83	27	1	a	1	1
3.39	17	1	a	1	1
2.67	24	1	b	2	0
3.65	21	1	a	1	1
4	23	1	a	1	1
3.1	21	1	c	3	0
2.39	19	1	a	1	1